0
0.00341796875
0.010986328125
0.0205078125
0.033447265625
0.046630859375
0.06689453125
0.081298828125
0.088134765625
0.096923828125
0.105712890625
0.114990234375
0.12548828125
0.1328125
0.140625
0.14794921875
0.15673828125
0.17138671875
0.1796875
0.19384765625
0.20751953125
0.221923828125
0.236083984375
0.250244140625
0.263427734375
0.27734375
0.29150390625
0.298828125
0.30615234375
0.319091796875
0.32958984375
0.342529296875
0.35498046875
0.369873046875
0.385009765625
0.39990234375
0.41455078125
0.429931640625
0.443603515625
0.45703125
0.472412109375
0.487548828125
0.4951171875
0.50830078125
0.52294921875
0.53564453125
0.5537109375
0.5693359375
0.583984375
0.5986328125
0.6142578125
0.62890625
0.64306640625
0.65673828125
0.671875
0.686279296875
0.7060546875
0.720458984375
0.734619140625
0.748779296875
0.757568359375
0.766357421875
0.775146484375
0.7900390625
0.799072265625
0.80810546875
0.8232421875
0.838134765625
0.852783203125
0.8681640625
0.8818359375
0.895263671875
0.91064453125
0.92578125
0.933349609375
0.946533203125
0.961181640625
0.973876953125
0.991943359375
1.007568359375
1.022216796875
1.036865234375
1.052490234375
1.067138671875
1.081298828125
1.094970703125
1.110107421875
1.12451171875
1.144287109375
1.15869140625
1.1728515625
1.18701171875
1.196044921875
1.205078125
1.214111328125
