0
0.01269531
0.02050781
0.03027344
0.04199219
0.05371094
0.0703125
0.08398438
0.09082031
0.09960938
0.1083984
0.1181641
0.1308594
0.1386719
0.1474609
0.15625
0.1640625
0.1757813
0.1884766
0.2001953
0.2119141
0.2236328
0.2353516
0.2480469
0.2597656
0.2714844
0.2832031
0.2919922
0.2998047
0.3125
0.3242188
0.3369141
0.3486328
0.3671875
0.3808594
0.3935547
0.4082031
0.421875
0.4355469
0.4482422
0.4638672
0.4775391
0.4853516
0.4970703
0.5107422
0.5224609
0.5380859
0.5527344
0.5673828
0.5810547
0.5957031
0.609375
0.6230469
0.6357422
0.6503906
0.6640625
0.6806641
0.6943359
0.7080078
0.7207031
0.7285156
0.7363281
0.7451172
0.7558594
0.7675781
0.7763672
0.7880859
0.8007813
0.8115234
0.8232422
0.8359375
0.84375
0.8554688
0.8671875
0.875
0.8828125
0.8935547
0.9013672
0.9169922
0.9287109
0.9404297
0.9521484
0.9648438
0.9736328
0.984375
0.9931641
1.004883
1.015625
1.030273
1.041016
1.052734
1.063477
1.072266
1.080078
1.089844
1.101563
