0
0.004638671875
0.00830078125
0.019775390625
0.027587890625
0.035400390625
0.044921875
0.058349609375
0.0615234375
0.0693359375
0.0771484375
0.0849609375
0.0927734375
0.1005859375
0.10986328125
0.11279296875
0.119384765625
0.127197265625
0.135009765625
0.142822265625
0.150634765625
0.158447265625
0.166259765625
0.174072265625
0.181884765625
0.189697265625
0.197509765625
0.200439453125
0.203369140625
0.211181640625
0.2177734375
0.224365234375
0.23779296875
0.249267578125
0.258544921875
0.267333984375
0.276611328125
0.285888671875
0.295166015625
0.304443359375
0.313720703125
0.322998046875
0.332275390625
0.341552734375
0.350830078125
0.360107421875
0.370849609375
0.380126953125
0.389404296875
0.397216796875
0.406494140625
0.415771484375
0.425048828125
0.432861328125
0.442138671875
0.451416015625
0.464111328125
0.47314453125
0.482421875
0.49169921875
0.497314453125
0.505126953125
0.51513671875
0.52587890625
0.536865234375
0.541259765625
0.548828125
0.556396484375
0.56396484375
0.571533203125
0.5791015625
0.586669921875
0.59423828125
0.60205078125
0.606689453125
0.61279296875
0.62060546875
0.624267578125
0.635498046875
0.64306640625
0.6513671875
0.6591796875
0.667236328125
0.673095703125
0.6806640625
0.6865234375
0.6943359375
0.701904296875
0.712646484375
0.72021484375
0.728271484375
0.73583984375
0.741943359375
0.744384765625
0.75
